# (Q1 & Q2) Not Slippery (20 pts)

0.951, 0.961, 0.970, 0.961,
0.961, 0.000, 0.980, 0.000,
0.970, 0.980, 0.990, 0.000,
0.000, 0.990, 1.000, 0.000

[0, 1, 0, 0], [0, 0, 1, 0], [0, 1, 0, 0], [1, 0, 0, 0],
[0, 1, 0, 0], [1, 0, 0, 0], [0, 1, 0, 0], [1, 0, 0, 0],
[0, 0, 1, 0], [0, 1, 0, 0], [0, 1, 0, 0], [1, 0, 0, 0],
[1, 0, 0, 0], [0, 0, 1, 0], [0, 0, 1, 0], [1, 0, 0, 0]



# (Q3 & Q4) Slippery (20 pts)

0.542, 0.499, 0.471, 0.457,
0.558, 0.000, 0.358, 0.000,
0.592, 0.643, 0.615, 0.000,
0.000, 0.742, 0.863, 0.000

[1, 0, 0, 0], [0, 0, 0, 1], [0, 0, 0, 1], [0, 0, 0, 1],
[1, 0, 0, 0], [1, 0, 0, 0], [1, 0, 0, 0], [1, 0, 0, 0],
[0, 0, 0, 1], [0, 1, 0, 0], [1, 0, 0, 0], [1, 0, 0, 0],
[1, 0, 0, 0], [0, 0, 1, 0], [0, 1, 0, 0], [1, 0, 0, 0]



# (Q5-env1) Not Slippery (5 pts)

0.000, 0.951, 0.961, 0.951,
0.000, 0.000, 0.970, 0.000,
0.000, 0.990, 0.980, 0.000,
0.000, 1.000, 0.000, 0.000

[1, 0, 0, 0], [0, 0, 1, 0], [0, 1, 0, 0], [1, 0, 0, 0],
[1, 0, 0, 0], [1, 0, 0, 0], [0, 1, 0, 0], [1, 0, 0, 0],
[1, 0, 0, 0], [0, 1, 0, 0], [1, 0, 0, 0], [1, 0, 0, 0],
[1, 0, 0, 0], [1, 0, 0, 0], [1, 0, 0, 0], [1, 0, 0, 0]



# (Q5-env1) Slippery (5 pts)

0.000, 0.222, 0.226, 0.222,
0.000, 0.000, 0.235, 0.000,
0.000, 0.726, 0.476, 0.000,
0.000, 0.990, 0.000, 0.000

[1, 0, 0, 0], [0, 0, 1, 0], [1, 0, 0, 0], [0, 0, 0 ,1],
[1, 0, 0, 0], [1, 0, 0, 0], [1, 0, 0, 0], [1, 0, 0, 0],
[1, 0, 0, 0], [0, 1, 0, 0], [0, 0, 0, 1], [1, 0, 0, 0],
[1, 0, 0, 0], [1, 0, 0, 0], [1, 0, 0, 0], [1, 0, 0, 0]



# (Q5-env2) Not Slippery (5 pts)

0.000, 0.951, 0.961, 0.951, 0.941, 0.000,
0.000, 0.000, 0.970, 0.000, 0.951, 0.941,
0.000, 0.000, 0.980, 0.000, 0.961, 0.951,
0.000, 1.000, 0.990, 0.980, 0.970, 0.000,
1.000, 0.000, 0.000, 0.970, 0.000, 0.932,
0.990, 0.980, 0.970, 0.961, 0.951, 0.941

[1, 0, 0, 0], [0, 0, 1, 0], [0, 1, 0, 0], [1, 0, 0, 0], [1, 0, 0, 0], [1, 0, 0, 0],
[1, 0, 0, 0], [1, 0, 0, 0], [0, 1, 0, 0], [1, 0, 0, 0], [0, 1, 0, 0], [1, 0, 0, 0],
[1, 0, 0, 0], [1, 0, 0, 0], [0, 1, 0, 0], [1, 0, 0, 0], [0, 1, 0, 0], [1, 0, 0, 0],
[1, 0, 0, 0], [1, 0, 0, 0], [1, 0, 0, 0], [1, 0, 0, 0], [1, 0, 0, 0], [1, 0, 0, 0],
[0, 0, 0, 1], [1, 0, 0, 0], [1, 0, 0, 0], [0, 0, 0, 1], [1, 0, 0, 0], [0, 1, 0, 0],
[0, 0, 0, 1], [1, 0, 0, 0], [1, 0, 0, 0], [1, 0, 0, 0], [1, 0, 0, 0], [1, 0, 0, 0]



# (Q5-env2) Slippery (5 pts)

0.000, 0.328, 0.334, 0.341, 0.348, 0.000,
0.000, 0.000, 0.165, 0.000, 0.362, 0.358,
0.000, 0.000, 0.162, 0.000, 0.373, 0.362,
0.000, 0.500, 0.328, 0.418, 0.391, 0.000,
0.990, 0.000, 0.000, 0.452, 0.000, 0.861,
0.970, 0.951, 0.932, 0.914, 0.896, 0.878

[1, 0, 0, 0], [0, 0, 0, 1], [0, 0, 0, 1], [0, 0, 0, 1], [0, 1, 0, 0], [1, 0, 0, 0],
[1, 0, 0, 0], [1, 0, 0, 0], [1, 0, 0, 0], [1, 0, 0, 0], [0, 0, 1, 0], [0, 1, 0, 0],
[1, 0, 0, 0], [1, 0, 0, 0], [0, 1, 0, 0], [1, 0, 0, 0], [0, 0, 1, 0], [1, 0, 0, 0],
[1, 0, 0, 0], [1, 0, 0, 0], [1, 0, 0, 0], [0, 0, 1, 0], [1, 0, 0, 0], [1, 0, 0, 0],
[1, 0, 0, 0], [1, 0, 0, 0], [1, 0, 0, 0], [0, 1, 0, 0], [1, 0, 0, 0], [0, 0, 1, 0],
[1, 0, 0, 0], [0, 1, 0, 0], [0, 1, 0, 0], [0, 1, 0, 0], [0, 1, 0, 0], [0, 1, 0, 0]