Dummy data

user

train
0001	mugunghwa1	0001
0002	mugunghwa2	0001
0003	saemaul		0002
train type
0001	mugunghwa
0002	saemaul
destination
0001	seoul
0002	cheonan
0003	daegu
0004	busan
0005	gwangju
line

seat
0111	0001	0001	0001	0	0001
0112	0001	0001	0002	0	0001
0113	0001	0001	0003	0	0001
0114	0001	0001	0004	0	0001
0115	0001	0001	0005	0	0001
0116	0001	0001	0006	0	0001
0117	0001	0001	0007	0	0001
0118	0001	0001	0008	0	0001
0121	0001	0002	0001	0	0002
0122	0001	0002	0002	0	0002
0123	0001	0002	0003	0	0002
0124	0001	0002	0004	0	0002
0125	0001	0002	0005	0	0002
0126	0001	0002	0006	0	0002
0127	0001	0002	0007	0	0002
0128	0001	0002	0008	0	0002
0131	0001	0003	0001	0	0002
0132	0001	0003	0002	0	0002
0133	0001	0003	0003	0	0002
0134	0001	0003	0004	0	0002
0135	0001	0003	0005	0	0002
0136	0001	0003	0006	0	0002
0137	0001	0003	0007	0	0002
0138	0001	0003	0008	0	0002
0211	0002	0001	0001	0	0001
0212	0002	0001	0002	0	0001
0213	0002	0001	0003	0	0001
0214	0002	0001	0004	0	0001
0215	0002	0001	0005	0	0001
0216	0002	0001	0006	0	0001
0217	0002	0001	0007	0	0001
0218	0002	0001	0008	0	0001
0221	0002	0002	0001	0	0002
0222	0002	0002	0002	0	0002
0223	0002	0002	0003	0	0002
0224	0002	0002	0004	0	0002
0225	0002	0002	0005	0	0002
0226	0002	0002	0006	0	0002
0227	0002	0002	0007	0	0002
0228	0002	0002	0008	0	0002
0231	0002	0003	0001	0	0002
0232	0002	0003	0002	0	0002
0233	0002	0003	0003	0	0002
0234	0002	0003	0004	0	0002
0235	0002	0003	0005	0	0002
0236	0002	0003	0006	0	0002
0237	0002	0003	0007	0	0002
0238	0002	0003	0008	0	0002
0311	0003	0001	0001	0	0001
0312	0003	0001	0002	0	0001
0313	0003	0001	0003	0	0001
0314	0003	0001	0004	0	0001
0315	0003	0001	0005	0	0001
0316	0003	0001	0006	0	0001
0317	0003	0001	0007	0	0001
0318	0003	0001	0008	0	0001
0321	0003	0002	0001	0	0002
0322	0003	0002	0002	0	0002
0323	0003	0002	0003	0	0002
0324	0003	0002	0004	0	0002
0325	0003	0002	0005	0	0002
0326	0003	0002	0006	0	0002
0327	0003	0002	0007	0	0002
0328	0003	0002	0008	0	0002
0331	0003	0003	0001	0	0002
0332	0003	0003	0002	0	0002
0333	0003	0003	0003	0	0002
0334	0003	0003	0004	0	0002
0335	0003	0003	0005	0	0002
0336	0003	0003	0006	0	0002
0337	0003	0003	0007	0	0002
0338	0003	0003	0008	0	0002
seat type
0001	premium
0002	normal
reservation

distance
0001	seoul	cheonan	30
0002	seoul	daegu	80
0003	seoul	busan	110
0004	seoul	gwangju	70
0005	cheonan	daegu	50
0006	cheonan	busan	80
0007	cheonan	gwangju	40
0008	daegu	busan	30
0009	daegu	gwangju	90
0010	busan	gwangju	120

distance-price
0001	10	500
0002	20	1100
0003	30	1700
0004	40	2200
0005	50	2500
0006	60	3400
0007	70	3800
0008	80	4200
0009	90	4500
0010	100	5000
0011	110	5600
0012	120	6500
0013	130	7800
0014	140	10200
0015	150	12400
train-price
0001	0001	5000
0002	0002	7500
seat-price
0001	0001	10000
0002	0002	5000